pelvis_tilt.offset              	0.014643282	0.014604944	2.4912916e-05	
hip_flexion_r.offset            	0.02319042	0.02322376	2.9710006e-05	
knee_angle_r.offset             	-0.094645606	-0.094681862	2.7350836e-05	
ankle_angle_r.offset            	0.037222803	0.03719595	2.5355977e-05	
hip_flexion_l.offset            	0.087273881	0.087264491	2.7166914e-05	
knee_angle_l.offset             	0.1686099	0.16857713	2.5931796e-05	
ankle_angle_l.offset            	0.042032314	0.042054096	2.6657531e-05	
stance_load_threshold           	0.084221147	0.084273105	3.0886582e-05	
S00111.tib_ant.KL               	0.65248368	0.65226518	0.00027029982	
S00111.tib_ant.L0               	0.67988577	0.67986109	2.7423162e-05	
S00111.tib_ant.KV               	0.00091141681	0.00078790657	0.00038306995	
S11000.tib_ant.KL               	2.1756732	2.1757091	0.00025477895	
S11000.tib_ant.L0               	0.73951542	0.73951336	2.5846116e-05	
S11000.tib_ant.KV               	0.0048109293	0.0054316426	0.00043907009	
S11111.tib_ant-soleus.KF        	-0.27403534	-0.27399407	2.5837544e-05	
S00111.soleus-tib_ant.KL        	-0.30688215	-0.30685256	0.00057421168	
S00111.soleus-tib_ant.L0        	0.91566327	0.91533324	0.00025942667	
S00111.soleus-tib_ant.KV        	-0.64115411	-0.64077037	0.00049758089	
S11000.soleus-tib_ant.KL        	-2.2959933	-2.2955021	0.00051182938	
S11000.soleus-tib_ant.L0        	0.54283282	0.54276855	0.00021631232	
S11000.soleus-tib_ant.KV        	-2.4010954	-2.4006088	0.000577662	
S00111.soleus.KL                	0.27466504	0.27477418	0.00041609373	
S00111.soleus.L0                	0.69823021	0.69808145	0.00025865399	
S00111.soleus.KV                	0.0034837775	0.0036309783	0.00031596223	
S00111.soleus.KF                	0.21507903	0.21505886	2.6398762e-05	
S00111.gastroc.KL               	0.0015917968	0.0014192472	0.00049840904	
S00111.gastroc.L0               	0.92882099	0.92886935	0.00026091206	
S00111.gastroc.KV               	0.0017992562	0.0020056589	0.00052144273	
S00111.gastroc.KF               	1.9051127	1.9051043	2.7386015e-05	
S11000.soleus.KL                	2.404926	2.4041121	0.00059276813	
S11000.soleus.L0                	0.69190575	0.69191833	0.0002410349	
S11000.soleus.KV                	0.16024028	0.16041873	0.0004324288	
S11000.soleus.KF                	-0.7423228	-0.74206381	0.00053636341	
S11000.gastroc.KL               	0.16680895	0.16626271	0.00052455184	
S11000.gastroc.L0               	0.79903597	0.79911592	0.00024394841	
S11000.gastroc.KV               	0.15800996	0.15828439	0.00017843016	
S11000.gastroc.KF               	-1.6497797	-1.6497146	0.00053966187	
S00011.vasti.KF                 	0.95584563	0.95597843	0.00022568338	
S00011.vasti.C0                 	0.08635843	0.086341464	2.6224857e-05	
S00011.vasti-knee_angle.pos_max 	-0.21171261	-0.21173066	2.6114538e-05	
S00011.hamstrings-pelvis_tilt.KP	1.5262772	1.5266805	0.00030915023	
S00011.hamstrings-pelvis_tilt.KV	0.4609362	0.46088296	2.5293509e-05	
S00011.hamstrings-pelvis_tilt.C0	0.0634715	0.06348741	2.675767e-05	
S00011.glut_max-pelvis_tilt.KP  	0.86363593	0.86374063	0.00025588239	
S00011.glut_max-pelvis_tilt.KV  	0.35194412	0.35196654	2.9896148e-05	
S00011.glut_max-pelvis_tilt.C0  	0.026023974	0.026027845	2.7899643e-05	
S00011.iliopsoas-pelvis_tilt.KP 	-1.748833	-1.7490361	0.00027613442	
S00011.iliopsoas-pelvis_tilt.KV 	-0.54498246	-0.54497252	2.5428432e-05	
S00011.iliopsoas-pelvis_tilt.C0 	0.30559988	0.30566468	3.0139924e-05	
S00100.iliopsoas.C0             	0.23463709	0.23466167	2.8600273e-05	
S00100.glut_max.C0              	-0.20361634	-0.20357968	2.7783268e-05	
S11000.iliopsoas.KL             	0.44177379	0.44172096	2.7286554e-05	
S11000.iliopsoas.L0             	0.53800398	0.53798149	2.500081e-05	
S11000.iliopsoas-pelvis_tilt.P0 	-0.072358072	-0.072342375	2.5645763e-05	
S11000.iliopsoas-pelvis_tilt.KP 	0.33704913	0.33748325	0.00026452839	
S11000.iliopsoas-pelvis_tilt.KV 	0.30131349	0.30134943	2.649632e-05	
S11000.iliopsoas-hamstrings.KL  	-8.9933661	-8.9912813	0.0010718947	
S11000.iliopsoas-hamstrings.L0  	0.91188339	0.91192328	2.6840063e-05	
S11000.hamstrings.KF            	0.5887067	0.58867755	2.6222461e-05	
S11000.glut_max.KF              	0.59136048	0.5913162	2.6317538e-05	
